Graph: 
	1: [5, 18, 9, 13, 24, 3, 14, 6, 10, 25, 4, 21, 15, 17, 2]
	2: [8, 19, 21, 11, 15, 26, 13, 3, 14, 20, 12, 23, 27, 1, 4, 5]
	3: [5, 18, 13, 1, 20, 10, 27, 25, 2, 19, 21, 11, 16]
	4: [12, 27, 19, 25, 17, 5, 1, 20, 9, 10, 2, 6]
	5: [1, 26, 3, 7, 22, 9, 24, 16, 20, 4, 10, 12, 23, 25, 6, 8, 19, 21, 2]
	6: [23, 1, 21, 22, 24, 11, 5, 14, 7, 9, 13, 4, 8, 10]
	7: [11, 15, 17, 5, 18, 13, 24, 14, 16, 12, 6, 21, 23]
	8: [9, 13, 2, 14, 20, 10, 12, 25, 5, 6]
	9: [19, 8, 21, 1, 11, 15, 5, 18, 22, 24, 14, 16, 20, 10, 4, 6]
	10: [24, 16, 20, 8, 1, 23, 27, 3, 25, 5, 9, 17, 4, 6, 13]
	11: [7, 9, 2, 15, 18, 22, 24, 6, 20, 27, 3]
	12: [4, 17, 22, 24, 14, 16, 8, 5, 7, 19, 2, 26]
	13: [8, 16, 1, 3, 25, 7, 19, 21, 2, 20, 24, 6, 10, 22]
	14: [26, 8, 18, 1, 24, 12, 7, 9, 2, 25, 6, 19]
	15: [7, 16, 20, 9, 2, 11, 23, 27, 19, 1, 24]
	16: [13, 15, 17, 10, 24, 12, 5, 7, 9, 19, 3]
	17: [12, 7, 16, 4, 23, 21, 26, 1, 10]
	18: [19, 1, 3, 26, 14, 7, 21, 9, 11, 23]
	19: [9, 18, 2, 24, 4, 13, 23, 15, 3, 12, 5, 14, 26, 16]
	20: [15, 8, 10, 3, 5, 9, 2, 11, 4, 24, 13, 27]
	21: [26, 9, 2, 22, 18, 13, 6, 17, 1, 3, 5, 7, 25]
	22: [12, 21, 5, 27, 9, 11, 6, 26, 24, 13]
	23: [26, 24, 6, 15, 17, 10, 19, 5, 18, 2, 7]
	24: [1, 10, 19, 12, 5, 14, 23, 7, 27, 16, 9, 11, 6, 26, 20, 13, 22, 15]
	25: [4, 13, 8, 1, 10, 3, 5, 14, 21]
	26: [21, 5, 14, 23, 18, 2, 22, 24, 17, 19, 12]
	27: [4, 22, 15, 24, 10, 3, 2, 11, 20]

Independent Set: {3, 4, 7, 8, 22}

Maximum Independent Set Size: 5
