Graph: 
	1: [5, 7, 18, 9, 13, 3, 14, 20, 6, 10, 12, 4, 8, 19, 21, 11, 15, 17, 2]
	2: [6, 4, 8, 19, 21, 11, 5, 7, 18, 3, 14, 16, 20, 10, 1]
	3: [17, 5, 18, 13, 1, 14, 10, 12, 2, 6, 4, 19, 8, 21, 11, 15]
	4: [2, 19, 8, 5, 7, 18, 13, 1, 14, 3, 16, 20, 9, 10]
	5: [1, 11, 15, 3, 18, 13, 14, 2, 16, 4, 10, 12, 6, 19, 8, 21]
	6: [2, 12, 1, 15, 8, 21, 11, 3, 17, 5, 20, 7, 18, 9, 13]
	7: [1, 11, 15, 17, 18, 2, 14, 16, 4, 20, 10, 12, 6, 21]
	8: [9, 13, 2, 14, 4, 16, 20, 12, 6, 19, 21, 1, 3, 11, 17, 5, 18]
	9: [19, 8, 1, 11, 15, 17, 18, 13, 14, 16, 20, 10, 12, 4, 6]
	10: [14, 16, 20, 1, 12, 3, 5, 19, 7, 21, 9, 2, 11, 15, 17, 4, 13]
	11: [5, 19, 7, 9, 2, 15, 21, 18, 13, 14, 6, 8, 1, 10, 12, 3, 16, 17]
	12: [17, 18, 6, 14, 16, 8, 1, 10, 3, 5, 7, 19, 21, 9, 11, 15]
	13: [14, 8, 16, 1, 3, 5, 19, 9, 21, 11, 4, 17, 18, 6, 10]
	14: [13, 15, 17, 8, 18, 1, 10, 3, 12, 5, 16, 20, 7, 9, 2, 11, 4, 19, 21]
	15: [5, 14, 7, 16, 20, 9, 11, 6, 19, 17, 1, 10, 18, 3, 12]
	16: [21, 13, 15, 8, 10, 18, 12, 5, 14, 7, 20, 9, 2, 4, 19, 11]
	17: [18, 3, 12, 14, 7, 9, 21, 13, 6, 15, 8, 1, 10, 11]
	18: [17, 19, 1, 3, 12, 5, 14, 7, 16, 9, 2, 11, 4, 20, 13, 6, 15, 8]
	19: [9, 18, 2, 11, 4, 20, 13, 15, 8, 1, 10, 21, 3, 12, 5, 14, 16]
	20: [15, 8, 1, 10, 19, 21, 14, 7, 16, 9, 18, 2, 4, 6]
	21: [16, 2, 11, 20, 13, 6, 8, 17, 1, 10, 19, 3, 12, 5, 14, 7]

Independent Set: {9, 3, 7}

Maximum Independent Set Size: 3
