Graph: 
	1: [14, 44, 25, 26, 9, 31, 61, 42, 45, 27, 57, 29, 59, 60, 13, 46, 37, 10, 40, 21, 22, 52, 24, 54, 55, 38, 39, 41, 53, 2, 35, 16, 47, 19, 63, 36, 17, 48, 20, 51, 62, 30, 4, 32]
	2: [15, 29, 59, 32, 62, 4, 26, 56, 37, 10, 40, 21, 43, 27, 57, 8, 60, 41, 18, 35, 19, 22, 1, 63, 55, 6, 36, 17, 53, 34, 11, 14, 25, 47, 9, 31, 3, 5]
	3: [34, 30, 11, 14, 44, 25, 47, 28, 31, 61, 12, 15, 29, 59, 32, 13, 26, 56, 7, 43, 24, 54, 55, 27, 57, 8, 38, 41, 5, 35, 16, 19, 49, 22, 52, 33, 17, 39, 20, 2]
	4: [30, 11, 14, 44, 47, 28, 31, 61, 12, 15, 45, 59, 32, 62, 13, 2, 46, 23, 25, 26, 7, 37, 21, 43, 24, 54, 27, 57, 38, 60, 58, 18, 5, 16, 19, 22, 52, 63, 6, 36, 39, 50, 53, 1, 9]
	5: [22, 52, 33, 63, 55, 36, 20, 53, 34, 11, 25, 47, 9, 42, 45, 59, 32, 13, 23, 26, 7, 37, 40, 21, 43, 4, 27, 8, 38, 60, 41, 3, 58, 16, 19, 49, 2, 6, 10]
	6: [50, 44, 16, 47, 31, 61, 45, 48, 29, 51, 32, 62, 11, 25, 26, 56, 9, 10, 40, 42, 57, 60, 41, 13, 2, 58, 4, 23, 35, 7, 37, 19, 21, 22, 52, 36, 8, 39, 20, 5, 17, 49]
	7: [18, 35, 19, 49, 22, 63, 55, 36, 20, 53, 34, 30, 4, 44, 31, 61, 12, 42, 15, 3, 48, 29, 59, 51, 32, 13, 46, 5, 23, 26, 56, 40, 21, 24, 54, 27, 6, 8, 38, 60, 41, 58]
	8: [21, 24, 54, 55, 57, 38, 39, 41, 35, 16, 19, 49, 2, 52, 33, 17, 50, 51, 34, 30, 3, 11, 44, 47, 28, 61, 42, 15, 5, 45, 27, 29, 59, 60, 62, 13, 46, 58, 7, 23, 6, 26, 12]
	9: [60, 41, 1, 35, 16, 19, 49, 22, 52, 55, 36, 17, 5, 50, 34, 11, 44, 6, 31, 12, 42, 15, 45, 62, 13, 23, 37, 40, 21, 43, 2, 57, 4, 14, 30, 39]
	10: [23, 56, 21, 43, 24, 27, 2, 58, 1, 35, 16, 19, 49, 22, 33, 36, 6, 20, 50, 51, 53, 30, 11, 25, 47, 12, 42, 15, 29, 59, 32, 62, 13, 46, 5]
	11: [25, 26, 4, 56, 37, 40, 43, 24, 27, 3, 57, 38, 60, 5, 18, 35, 19, 49, 21, 55, 17, 39, 6, 20, 9, 53, 34, 8, 14, 47, 28, 31, 61, 10, 42, 15, 48, 29, 59, 32, 62, 46, 2]
	12: [29, 59, 32, 13, 46, 4, 3, 23, 26, 40, 43, 24, 54, 38, 60, 41, 58, 7, 18, 16, 19, 9, 63, 36, 17, 39, 20, 50, 53, 34, 10, 30, 25, 47, 28, 61, 42, 8, 15, 21, 55]
	13: [12, 14, 56, 40, 1, 43, 4, 59, 60, 41, 3, 23, 5, 37, 21, 22, 24, 55, 7, 38, 39, 53, 6, 9, 18, 8, 16, 19, 49, 61, 63, 48, 10, 50, 51, 32, 34]
	14: [1, 44, 4, 47, 61, 42, 13, 3, 48, 59, 51, 62, 46, 23, 26, 56, 37, 40, 21, 54, 57, 60, 41, 58, 18, 11, 16, 19, 49, 22, 52, 63, 36, 20, 50, 53, 2, 9, 45]
	15: [52, 33, 2, 63, 17, 51, 53, 34, 4, 3, 28, 31, 61, 42, 45, 48, 29, 59, 60, 32, 7, 56, 9, 40, 43, 24, 54, 27, 57, 39, 8, 41, 11, 58, 10, 18, 35, 16, 19, 49, 22, 12, 23]
	16: [53, 30, 44, 6, 28, 9, 61, 45, 48, 51, 32, 8, 62, 46, 10, 23, 56, 37, 21, 43, 24, 12, 54, 57, 38, 60, 41, 1, 14, 58, 4, 18, 13, 3, 35, 19, 49, 22, 52, 63, 55, 36, 15, 17, 39, 5, 20, 50]
	17: [15, 35, 19, 22, 52, 63, 55, 36, 39, 20, 53, 9, 30, 44, 25, 47, 8, 31, 11, 61, 45, 48, 59, 62, 46, 12, 2, 26, 37, 40, 43, 1, 27, 41, 3, 16, 6, 57]
	18: [19, 7, 21, 22, 52, 33, 63, 39, 20, 50, 53, 30, 11, 44, 47, 48, 29, 32, 12, 2, 23, 25, 14, 56, 4, 42, 24, 13, 16, 60, 15, 35, 37, 26, 36]
	19: [18, 41, 58, 17, 7, 35, 49, 9, 55, 36, 39, 8, 34, 11, 10, 30, 47, 28, 61, 42, 12, 2, 59, 51, 32, 62, 46, 1, 14, 4, 13, 3, 16, 37, 6, 43, 24, 15, 5]
	20: [5, 18, 22, 52, 24, 54, 55, 36, 17, 7, 49, 11, 31, 33, 50, 51, 10, 32, 12, 26, 56, 28, 61, 42, 1, 43, 14, 45, 27, 57, 59, 60, 41, 3, 16, 6]
	21: [37, 18, 8, 40, 43, 24, 54, 27, 38, 60, 41, 10, 2, 35, 52, 11, 33, 63, 55, 1, 14, 4, 39, 50, 53, 34, 13, 16, 30, 44, 25, 5, 31, 61, 42, 45, 48, 29, 51, 7, 6, 9, 12]
	22: [48, 5, 18, 60, 32, 62, 17, 7, 20, 23, 26, 56, 37, 40, 9, 43, 24, 55, 27, 57, 39, 41, 1, 58, 10, 13, 35, 52, 33, 2, 50, 51, 53, 14, 4, 30, 44, 3, 25, 16, 6, 28, 31, 61, 45, 15]
	23: [10, 25, 26, 56, 37, 40, 43, 22, 54, 12, 27, 57, 60, 41, 58, 14, 4, 13, 16, 52, 33, 63, 55, 36, 50, 5, 18, 53, 7, 30, 47, 28, 6, 61, 9, 45, 29, 59, 51, 32, 8, 46, 15]
	24: [44, 8, 31, 21, 61, 11, 45, 48, 29, 51, 32, 20, 62, 10, 46, 22, 12, 56, 40, 43, 54, 1, 27, 4, 38, 60, 13, 3, 16, 15, 35, 18, 49, 52, 33, 63, 55, 36, 39, 50, 7, 19]
	25: [11, 1, 29, 59, 51, 32, 46, 23, 3, 26, 28, 5, 40, 42, 27, 57, 60, 4, 17, 58, 6, 49, 18, 21, 55, 36, 38, 39, 34, 10, 30, 22, 12, 44, 2, 47, 33]
	26: [11, 1, 23, 44, 47, 31, 22, 45, 12, 25, 2, 48, 59, 32, 46, 14, 4, 56, 3, 6, 40, 27, 38, 5, 41, 58, 17, 7, 20, 35, 49, 52, 33, 55, 36, 39, 50, 53, 8, 18]
	27: [47, 49, 21, 11, 1, 36, 48, 51, 32, 10, 34, 23, 22, 30, 25, 2, 44, 28, 31, 42, 24, 57, 4, 29, 60, 62, 46, 26, 3, 58, 15, 5, 37, 8, 40, 52, 54, 55, 17, 39, 7, 41, 20, 53, 35]
	28: [52, 33, 63, 55, 36, 39, 4, 53, 34, 3, 16, 30, 25, 15, 47, 31, 61, 42, 48, 27, 29, 59, 62, 46, 19, 37, 8, 54, 11, 38, 60, 41, 20, 23, 58, 22, 12]
	29: [12, 25, 2, 24, 1, 49, 52, 63, 55, 3, 39, 50, 6, 53, 34, 15, 28, 18, 44, 27, 47, 7, 31, 61, 42, 45, 48, 59, 62, 8, 21, 11, 56, 10, 43, 23, 60, 41, 40]
	30: [4, 35, 3, 49, 16, 33, 63, 55, 36, 39, 50, 28, 18, 34, 27, 17, 7, 44, 47, 31, 19, 42, 45, 48, 51, 32, 62, 8, 46, 21, 10, 23, 37, 40, 43, 22, 12, 25, 60, 41, 58, 1, 9]
	31: [24, 1, 38, 60, 4, 58, 26, 3, 6, 15, 28, 49, 33, 63, 55, 39, 27, 50, 17, 30, 7, 20, 34, 29, 9, 61, 42, 21, 11, 45, 48, 59, 51, 32, 62, 46, 22, 2, 56, 37]
	32: [60, 41, 22, 12, 25, 2, 58, 24, 27, 4, 37, 52, 54, 55, 26, 36, 3, 16, 39, 6, 50, 53, 15, 5, 18, 30, 7, 49, 20, 61, 33, 63, 48, 19, 51, 62, 34, 31, 11, 56, 40, 10, 23, 43, 13, 1]
	33: [15, 28, 5, 18, 37, 30, 43, 57, 38, 60, 31, 8, 21, 35, 49, 20, 63, 10, 55, 23, 36, 39, 50, 32, 22, 24, 44, 42, 45, 26, 3, 46, 25]
	34: [3, 47, 61, 42, 43, 45, 15, 28, 5, 59, 60, 46, 27, 30, 7, 56, 29, 37, 19, 40, 9, 57, 39, 31, 8, 21, 11, 32, 12, 25, 36, 2, 51, 13, 38]
	35: [59, 51, 62, 17, 30, 7, 46, 19, 9, 56, 37, 40, 8, 21, 11, 38, 60, 33, 10, 22, 2, 49, 52, 63, 55, 24, 1, 50, 53, 26, 3, 16, 6, 44, 47, 15, 18, 42, 27, 41]
	36: [28, 5, 27, 47, 17, 30, 7, 61, 20, 19, 32, 9, 46, 37, 40, 43, 33, 10, 54, 23, 57, 60, 12, 58, 25, 2, 34, 24, 1, 14, 4, 63, 55, 26, 39, 16, 51, 6, 18]
	37: [21, 44, 11, 47, 61, 33, 23, 48, 59, 51, 62, 32, 46, 22, 35, 2, 34, 1, 14, 4, 43, 54, 57, 36, 13, 60, 41, 16, 28, 5, 27, 49, 17, 30, 63, 55, 39, 50, 53, 6, 19, 9, 18, 31]
	38: [63, 50, 53, 31, 8, 21, 11, 33, 61, 35, 12, 48, 59, 51, 62, 46, 24, 1, 4, 13, 56, 26, 3, 16, 25, 60, 28, 5, 58, 7, 49, 34]
	39: [28, 18, 8, 47, 17, 30, 48, 50, 29, 51, 19, 62, 32, 22, 46, 31, 21, 34, 11, 1, 56, 42, 33, 43, 13, 60, 12, 58, 25, 15, 24, 37, 27, 4, 52, 54, 55, 36, 26, 3, 16, 6, 53, 9]
	40: [21, 11, 49, 52, 63, 55, 23, 13, 22, 35, 12, 25, 2, 34, 24, 47, 1, 14, 61, 42, 45, 48, 36, 26, 6, 46, 15, 5, 56, 27, 17, 30, 43, 7, 54, 57, 60, 32, 9, 29, 44]
	41: [19, 32, 9, 54, 55, 8, 21, 23, 13, 52, 63, 22, 12, 2, 1, 37, 14, 44, 26, 3, 16, 6, 42, 15, 59, 28, 5, 62, 27, 17, 30, 7, 20, 56, 29, 35, 53]
	42: [58, 34, 1, 14, 49, 52, 63, 55, 25, 50, 15, 28, 5, 27, 40, 30, 7, 44, 39, 29, 61, 6, 19, 9, 59, 51, 62, 41, 18, 31, 8, 21, 11, 20, 33, 10, 56, 43, 54, 57, 35, 12, 60]
	43: [21, 34, 11, 56, 54, 33, 10, 23, 57, 13, 60, 22, 12, 2, 24, 37, 4, 52, 55, 36, 50, 3, 39, 16, 53, 15, 5, 44, 47, 40, 17, 61, 30, 20, 48, 59, 62, 29, 42, 19, 32, 46, 9]
	44: [24, 1, 37, 14, 4, 54, 60, 26, 3, 16, 6, 58, 18, 49, 27, 17, 30, 55, 7, 50, 29, 42, 9, 41, 8, 21, 47, 61, 63, 43, 45, 33, 48, 59, 62, 46, 22, 35, 25, 56, 40]
	45: [51, 62, 46, 34, 24, 1, 4, 56, 26, 16, 6, 54, 57, 60, 15, 5, 40, 17, 30, 29, 52, 55, 9, 50, 53, 31, 8, 44, 21, 20, 33, 23, 61, 22, 14]
	46: [45, 35, 12, 25, 61, 34, 24, 1, 37, 14, 60, 4, 36, 58, 26, 39, 16, 38, 28, 52, 54, 55, 27, 40, 17, 30, 7, 19, 47, 49, 31, 8, 44, 11, 48, 50, 51, 62, 43, 33, 10, 23]
	47: [34, 37, 14, 27, 61, 4, 36, 59, 26, 62, 3, 39, 6, 28, 5, 18, 56, 40, 17, 30, 57, 60, 29, 19, 58, 8, 44, 11, 1, 52, 63, 55, 43, 10, 46, 23, 53, 35, 12, 25, 2]
	48: [22, 53, 24, 37, 14, 27, 26, 39, 16, 61, 6, 59, 38, 15, 28, 62, 18, 40, 17, 30, 7, 29, 32, 55, 57, 31, 44, 21, 58, 11, 1, 43, 46, 13, 49, 52, 63]
	49: [27, 40, 30, 7, 61, 29, 42, 19, 9, 62, 31, 8, 44, 11, 20, 33, 56, 10, 54, 32, 57, 35, 60, 25, 24, 37, 14, 46, 13, 26, 3, 52, 16, 55, 48, 50, 38, 53, 15, 5, 6]
	50: [6, 38, 52, 18, 63, 55, 53, 30, 39, 29, 42, 32, 9, 61, 31, 8, 44, 21, 51, 43, 20, 33, 10, 23, 45, 22, 35, 56, 12, 54, 57, 24, 37, 14, 4, 58, 46, 13, 49, 26, 16]
	51: [45, 35, 25, 15, 24, 37, 14, 27, 39, 16, 61, 6, 63, 38, 62, 8, 50, 30, 7, 20, 10, 42, 19, 32, 22, 57, 59, 31, 21, 34, 1, 46, 23, 36, 13]
	52: [15, 28, 5, 18, 50, 40, 17, 20, 29, 63, 42, 55, 32, 9, 41, 8, 21, 1, 43, 46, 23, 61, 45, 22, 35, 59, 62, 47, 24, 14, 27, 4, 56, 49, 26, 3, 39, 16, 6, 57, 60, 48]
	53: [16, 48, 56, 38, 15, 28, 5, 18, 55, 50, 17, 7, 29, 32, 21, 11, 1, 43, 10, 23, 13, 45, 22, 35, 12, 2, 61, 47, 37, 14, 27, 4, 58, 49, 26, 39, 41]
	54: [41, 8, 44, 21, 60, 43, 58, 20, 23, 32, 45, 12, 63, 55, 24, 1, 37, 14, 4, 46, 36, 49, 3, 16, 61, 15, 28, 59, 62, 50, 27, 40, 7, 39, 42]
	55: [59, 62, 28, 5, 41, 8, 50, 40, 17, 53, 30, 7, 20, 56, 52, 29, 42, 19, 32, 9, 57, 22, 60, 54, 31, 44, 58, 21, 11, 1, 43, 33, 46, 23, 13, 3, 45, 35, 48, 25, 2, 47, 24, 37, 27, 36, 49, 26, 39, 61, 16, 12]
	56: [11, 53, 43, 10, 23, 13, 55, 57, 45, 22, 35, 2, 58, 34, 47, 24, 14, 49, 26, 3, 39, 16, 6, 38, 15, 18, 50, 40, 7, 20, 52, 29, 42, 32, 59, 62, 41, 31, 44]
	57: [8, 11, 1, 62, 43, 56, 33, 23, 55, 45, 22, 25, 2, 34, 47, 37, 14, 27, 4, 58, 36, 49, 3, 16, 6, 48, 15, 51, 50, 40, 20, 52, 42, 9, 17]
	58: [42, 19, 32, 54, 31, 44, 56, 10, 46, 23, 60, 55, 22, 12, 25, 57, 47, 14, 27, 4, 36, 26, 39, 16, 6, 48, 38, 15, 28, 5, 8, 50, 53, 30, 7, 63]
	59: [55, 35, 12, 25, 2, 34, 47, 1, 37, 14, 61, 4, 13, 62, 26, 3, 48, 38, 15, 28, 5, 17, 7, 52, 29, 42, 19, 51, 41, 54, 31, 8, 44, 11, 63, 43, 20, 56, 10, 23]
	60: [32, 9, 22, 63, 54, 31, 44, 21, 34, 11, 1, 43, 33, 46, 23, 13, 55, 45, 58, 35, 12, 25, 2, 15, 47, 24, 37, 14, 62, 27, 4, 36, 49, 39, 16, 6, 38, 28, 5, 18, 8, 40, 30, 7, 20, 52, 29, 42]
	61: [34, 47, 24, 1, 37, 14, 4, 46, 59, 36, 49, 3, 16, 6, 48, 38, 15, 51, 28, 62, 50, 40, 17, 7, 52, 29, 42, 19, 32, 54, 31, 8, 44, 21, 11, 53, 43, 20, 23, 13, 55, 45, 22, 12]
	62: [55, 45, 22, 35, 2, 57, 47, 24, 37, 14, 4, 63, 59, 49, 39, 16, 6, 48, 61, 38, 51, 28, 60, 27, 17, 30, 52, 29, 42, 19, 32, 9, 41, 54, 31, 8, 44, 11, 1, 43, 56, 10, 46]
	63: [38, 15, 28, 5, 18, 60, 50, 40, 17, 30, 7, 62, 52, 29, 42, 51, 41, 54, 31, 21, 33, 23, 32, 35, 12, 2, 44, 47, 24, 1, 37, 14, 4, 59, 36, 13, 16, 58, 48]

Independent Set: [2, 20, 23, 38, 39, 44]

Maximum Independent Set Size: 6
