Graph: 
	1: [5, 18, 9, 13, 24, 14, 20, 23, 26, 2, 19, 21, 15, 3, 4, 6, 29]
	2: [4, 21, 15, 17, 5, 18, 7, 13, 1, 14, 3, 16, 20, 10, 12, 23, 27, 25, 29, 24]
	3: [22, 13, 14, 16, 23, 2, 4, 19, 11, 26, 1]
	4: [23, 12, 29, 2, 21, 22, 3, 16, 1, 18]
	5: [1, 28, 9, 24, 2, 16, 20, 12, 29, 6, 19, 11]
	6: [29, 23, 15, 24, 11, 5, 14, 7, 9, 1, 8, 10, 12]
	7: [15, 28, 18, 13, 2, 14, 20, 10, 12, 29, 6, 21]
	8: [29, 19, 21, 22, 17, 18, 6, 13]
	9: [19, 21, 1, 26, 28, 5, 10, 23, 25, 29, 6, 14]
	10: [13, 16, 12, 27, 7, 9, 2, 11, 26, 28, 6]
	11: [25, 15, 22, 13, 24, 6, 20, 10, 23, 3, 16, 5]
	12: [4, 17, 22, 13, 14, 16, 20, 10, 23, 27, 5, 7, 2, 6, 26]
	13: [16, 1, 10, 3, 12, 23, 25, 7, 19, 21, 2, 11, 22, 18, 8]
	14: [15, 17, 28, 1, 22, 3, 12, 16, 7, 2, 23, 29, 6, 21, 9]
	15: [14, 7, 16, 20, 2, 11, 23, 6, 19, 17, 28, 1, 21]
	16: [13, 15, 17, 10, 18, 22, 3, 12, 5, 14, 2, 27, 4, 19, 11]
	17: [18, 22, 12, 24, 14, 16, 2, 23, 15, 26, 8]
	18: [17, 19, 1, 25, 7, 16, 21, 2, 13, 29, 8, 4]
	19: [9, 18, 24, 13, 15, 8, 1, 21, 3, 5, 26, 16, 28]
	20: [15, 1, 12, 5, 7, 2, 11]
	21: [26, 28, 9, 2, 22, 4, 18, 13, 23, 25, 8, 1, 19, 14, 7, 15]
	22: [17, 3, 12, 21, 14, 27, 16, 29, 11, 4, 13, 26, 8, 24]
	23: [4, 13, 6, 15, 17, 1, 3, 12, 21, 14, 9, 2, 11, 27]
	24: [17, 1, 19, 5, 27, 25, 11, 6, 26, 22, 2]
	25: [18, 26, 11, 13, 24, 21, 27, 9, 2]
	26: [21, 25, 9, 27, 1, 22, 24, 17, 10, 19, 3, 12]
	27: [29, 22, 24, 26, 10, 28, 12, 16, 25, 2, 23]
	28: [21, 5, 14, 7, 9, 27, 29, 15, 10, 19]
	29: [4, 6, 27, 22, 8, 28, 5, 14, 7, 9, 18, 2, 1]

Independent Set: {10, 19, 20, 23, 25, 29}

Maximum Independent Set Size: 6
