Graph: 
	1: [16, 7, 13, 6, 15, 8, 10, 2]
	2: [9, 11, 6, 10, 14, 3, 5, 1, 7, 13]
	3: [8, 10, 12, 5, 16, 7, 2, 11, 4, 6]
	4: [5, 16, 11, 6, 10, 3, 15]
	5: [4, 13, 3, 8, 12, 2]
	6: [2, 12, 1, 4, 9, 3]
	7: [12, 16, 1, 9, 11, 13, 15, 3, 2]
	8: [3, 9, 15, 5, 1]
	9: [2, 8, 7, 6, 13]
	10: [3, 2, 11, 4, 1, 14]
	11: [2, 15, 4, 7, 10, 14, 3, 16]
	12: [7, 3, 6, 14, 5, 15]
	13: [5, 16, 1, 7, 15, 9, 2]
	14: [12, 2, 11, 10, 16]
	15: [11, 8, 1, 7, 13, 12, 4]
	16: [4, 1, 7, 13, 3, 11, 14]

Independent Set: [5, 6, 10, 15, 16]

Maximum Independent Set Size: 5
