Graph: 
	1: [14, 33, 26, 20, 4, 43, 15, 34, 45, 37, 10, 29, 2, 21, 35, 24, 13, 6, 30, 39, 5, 8]
	2: [42, 26, 34, 37, 29, 40, 16, 46, 8, 19, 11, 1, 33, 25, 6, 17, 28, 9, 39, 20, 31, 12, 3, 22]
	3: [45, 34, 37, 10, 5, 35, 46, 8, 30, 41, 33, 44, 6, 36, 28, 9, 20, 31, 12, 42, 2, 4, 17, 21]
	4: [27, 44, 6, 1, 20, 12, 25, 9, 29, 40, 21, 3, 11]
	5: [11, 41, 14, 25, 3, 28, 12, 23, 15, 34, 45, 18, 10, 21, 43, 27, 38, 1, 7, 9, 26]
	6: [26, 34, 45, 17, 9, 4, 42, 35, 18, 22, 3, 14, 44, 2, 1, 12, 13]
	7: [45, 18, 40, 43, 13, 35, 27, 30, 41, 33, 36, 20, 12, 5, 23]
	8: [29, 21, 13, 35, 30, 3, 2, 41, 33, 43, 26, 34, 1, 19, 31]
	9: [38, 33, 6, 39, 23, 42, 45, 37, 4, 21, 3, 32, 13, 2, 16, 27, 46, 5]
	10: [22, 3, 36, 39, 20, 42, 34, 18, 1, 40, 5, 35, 27, 11, 16, 28]
	11: [5, 26, 18, 37, 32, 24, 27, 46, 30, 2, 33, 16, 28, 39, 10, 12, 4, 14, 34]
	12: [18, 29, 40, 21, 32, 43, 5, 38, 4, 14, 26, 25, 36, 28, 17, 20, 3, 7, 2, 11, 15, 6]
	13: [46, 8, 7, 19, 31, 33, 17, 40, 1, 42, 9, 6, 15, 18, 20]
	14: [1, 22, 5, 44, 39, 31, 45, 18, 12, 29, 40, 6, 43, 24, 35, 16, 27, 19, 11]
	15: [25, 17, 20, 23, 26, 45, 1, 18, 5, 27, 19, 30, 12, 13, 32, 36]
	16: [26, 45, 34, 40, 32, 24, 2, 46, 11, 36, 28, 39, 14, 9, 23, 10, 29]
	17: [29, 6, 15, 43, 35, 27, 19, 22, 41, 33, 44, 13, 12, 2, 23, 3]
	18: [12, 7, 11, 41, 33, 39, 6, 15, 10, 5, 26, 14, 35, 37, 46, 13, 43]
	19: [22, 41, 44, 13, 17, 2, 29, 43, 24, 35, 15, 46, 38, 14, 8]
	20: [25, 28, 15, 42, 1, 10, 34, 4, 37, 22, 24, 30, 3, 12, 7, 2, 13]
	21: [26, 34, 37, 8, 40, 12, 32, 24, 35, 22, 44, 1, 5, 9, 4, 3]
	22: [10, 19, 14, 32, 35, 46, 41, 17, 21, 25, 20, 6, 42, 26, 37, 2, 24]
	23: [41, 15, 5, 42, 9, 45, 37, 35, 24, 17, 16, 7]
	24: [36, 31, 21, 16, 11, 29, 20, 1, 19, 14, 23, 27, 38, 22, 41]
	25: [20, 45, 15, 28, 5, 29, 30, 4, 22, 12, 2, 27, 33, 46]
	26: [21, 16, 2, 11, 6, 1, 35, 46, 30, 15, 38, 41, 18, 33, 12, 28, 31, 42, 22, 8, 45, 34, 5]
	27: [4, 40, 46, 30, 38, 17, 7, 41, 11, 33, 42, 15, 24, 10, 34, 5, 14, 9, 25]
	28: [41, 44, 33, 25, 20, 5, 37, 26, 32, 3, 12, 16, 2, 11, 30, 10]
	29: [44, 36, 8, 17, 12, 25, 2, 31, 45, 37, 40, 24, 1, 19, 14, 4, 38, 16]
	30: [32, 27, 8, 26, 3, 7, 25, 11, 41, 44, 20, 15, 1, 28, 37]
	31: [32, 35, 29, 24, 46, 14, 13, 41, 33, 26, 3, 2, 8]
	32: [22, 31, 12, 21, 30, 16, 11, 44, 28, 9, 35, 34, 46, 15, 40]
	33: [41, 1, 28, 9, 18, 27, 13, 31, 8, 17, 26, 40, 3, 7, 2, 11, 46, 38, 25, 42]
	34: [3, 21, 16, 2, 6, 42, 45, 20, 37, 1, 10, 40, 5, 35, 32, 27, 8, 26, 11, 38]
	35: [22, 31, 8, 17, 26, 3, 21, 7, 46, 6, 38, 34, 36, 39, 1, 10, 19, 14, 23, 32, 18]
	36: [29, 24, 10, 44, 35, 3, 12, 7, 16, 37, 15, 45]
	37: [3, 21, 2, 11, 39, 34, 20, 29, 1, 28, 23, 9, 42, 43, 46, 18, 36, 22, 30]
	38: [44, 9, 27, 26, 35, 12, 40, 43, 46, 29, 24, 33, 19, 5, 34]
	39: [42, 10, 37, 14, 9, 18, 35, 16, 2, 11, 1]
	40: [27, 12, 21, 7, 16, 2, 34, 29, 38, 33, 10, 14, 4, 13, 32]
	41: [33, 19, 28, 5, 23, 18, 46, 27, 44, 22, 31, 8, 17, 26, 3, 30, 7, 24]
	42: [2, 44, 39, 34, 20, 6, 10, 23, 9, 37, 27, 13, 22, 26, 3, 33]
	43: [17, 12, 7, 1, 38, 19, 37, 5, 14, 8, 18]
	44: [29, 38, 42, 19, 28, 14, 4, 32, 41, 36, 17, 3, 21, 30, 6]
	45: [3, 7, 16, 25, 6, 34, 29, 15, 1, 5, 14, 23, 9, 26, 36]
	46: [13, 41, 27, 22, 31, 26, 35, 3, 16, 2, 11, 38, 33, 19, 37, 32, 9, 18, 25]

Independent Set: {36, 38, 6, 11, 21, 23, 25, 31}

Maximum Independent Set Size: 8
