Graph: 
	1: [20, 40, 4, 2, 22]
	2: [19, 26, 18, 22, 12, 1, 3, 5, 6, 38]
	3: [22, 8, 19, 21, 2, 4]
	4: [6, 19, 11, 1, 16, 3, 17, 33]
	5: [35, 13, 8, 21, 36, 2, 7, 9, 28]
	6: [37, 4, 38, 14, 2, 24, 31]
	7: [38, 24, 37, 31, 23, 5, 8, 10, 25, 29]
	8: [10, 21, 3, 17, 5, 7, 34]
	9: [19, 36, 38, 28, 5, 12]
	10: [34, 20, 8, 27, 38, 17, 7, 19, 36]
	11: [36, 4]
	12: [20, 31, 23, 29, 2, 9, 13, 14, 15, 27, 32]
	13: [5, 25, 29, 19, 12]
	14: [35, 39, 20, 6, 12, 30]
	15: [29, 40, 38, 34, 24, 12, 20]
	16: [35, 37, 4, 30, 18]
	17: [24, 37, 21, 8, 10, 4]
	18: [21, 2, 24, 16]
	19: [9, 2, 4, 13, 23, 3, 26, 10, 21]
	20: [23, 1, 10, 32, 12, 14, 34, 15]
	21: [18, 8, 17, 3, 5, 19]
	22: [3, 27, 2, 26, 39, 35, 1]
	23: [25, 20, 37, 19, 12, 7, 29]
	24: [17, 7, 18, 36, 15, 6, 26]
	25: [23, 13, 7, 37]
	26: [37, 2, 22, 19, 24]
	27: [22, 36, 10, 12]
	28: [35, 39, 9, 40, 5]
	29: [13, 15, 38, 12, 34, 23, 7, 39]
	30: [39, 16, 14, 35]
	31: [12, 7, 32, 6]
	32: [38, 20, 31, 12]
	33: [40, 36, 4]
	34: [10, 20, 29, 15, 8]
	35: [28, 5, 14, 16, 22, 30]
	36: [9, 11, 27, 24, 33, 5, 10]
	37: [6, 17, 26, 23, 7, 16, 40, 25]
	38: [7, 9, 32, 29, 6, 15, 10, 2]
	39: [28, 30, 14, 22, 40, 29]
	40: [15, 33, 1, 28, 37, 39]

Independent Set: {32, 1, 33, 35, 3, 6, 39, 9, 11, 13, 15, 17, 18, 23, 26, 27}

Maximum Independent Set Size: 16
