Graph: 
	1: [5, 18, 7, 9, 24, 27, 3, 14, 16, 20, 6, 25, 19, 21, 22, 11, 15, 28, 17, 2, 4]
	2: [4, 8, 19, 21, 11, 26, 17, 7, 9, 13, 24, 14, 16, 10, 12, 23, 27, 29, 1, 3, 6]
	3: [28, 5, 7, 18, 9, 13, 1, 14, 16, 12, 23, 27, 29, 6, 4, 8, 19, 21, 11, 15, 26, 2]
	4: [12, 23, 27, 29, 2, 6, 8, 19, 25, 11, 15, 17, 5, 18, 22, 13, 24, 14, 3, 16, 20, 9, 1]
	5: [1, 11, 26, 15, 3, 7, 18, 14, 16, 4, 12, 27, 25, 6, 19, 21, 13]
	6: [10, 4, 16, 19, 12, 23, 1, 25, 29, 15, 26, 21, 22, 24, 3, 28, 5, 20, 7, 18, 9, 13, 2]
	7: [1, 11, 26, 3, 28, 5, 18, 22, 24, 13, 2, 16, 10, 12, 23, 27, 29, 6, 8, 21]
	8: [9, 13, 2, 27, 14, 4, 10, 23, 25, 29, 19, 21, 22, 3, 11, 15, 26, 17, 28, 7, 18]
	9: [19, 8, 21, 1, 3, 11, 15, 26, 28, 17, 18, 13, 24, 2, 14, 16, 10, 12, 23, 27, 4, 25, 29, 6]
	10: [6, 22, 13, 24, 14, 16, 20, 8, 12, 23, 29, 19, 7, 21, 9, 2, 26, 17, 28]
	11: [5, 19, 7, 9, 2, 15, 26, 17, 4, 21, 24, 14, 20, 8, 1, 27, 3, 29, 16]
	12: [4, 18, 22, 13, 24, 6, 20, 10, 26, 3, 27, 29, 5, 7, 21, 9, 2, 15]
	13: [27, 8, 16, 10, 3, 12, 23, 25, 7, 15, 26, 19, 9, 21, 2, 4, 28, 20, 24, 6, 5]
	14: [15, 28, 8, 18, 1, 22, 10, 3, 5, 16, 20, 9, 2, 23, 11, 27, 25, 4, 19]
	15: [5, 14, 16, 9, 11, 23, 27, 4, 13, 25, 29, 6, 19, 21, 17, 8, 1, 22, 3, 24, 12]
	16: [21, 13, 6, 15, 17, 28, 1, 10, 18, 22, 3, 24, 5, 14, 7, 20, 9, 2, 23, 27, 4, 25, 11]
	17: [18, 22, 24, 16, 20, 9, 2, 11, 4, 27, 25, 29, 19, 15, 26, 8, 1, 10]
	18: [17, 19, 1, 3, 12, 5, 26, 14, 28, 7, 16, 21, 9, 22, 24, 4, 20, 23, 27, 6, 29, 8]
	19: [9, 18, 2, 22, 11, 24, 4, 6, 13, 27, 15, 8, 17, 1, 10, 21, 3, 5, 14, 26]
	20: [23, 25, 17, 1, 10, 12, 21, 14, 22, 16, 28, 18, 11, 29, 4, 13, 6, 24]
	21: [26, 16, 28, 9, 2, 22, 24, 18, 11, 20, 13, 6, 15, 23, 27, 25, 8, 29, 1, 10, 19, 3, 12, 5, 7]
	22: [17, 10, 19, 12, 21, 14, 23, 27, 25, 7, 16, 18, 20, 4, 6, 26, 8, 1, 24, 15]
	23: [4, 28, 20, 13, 22, 6, 15, 8, 10, 3, 21, 14, 7, 16, 9, 18, 2, 26]
	24: [17, 1, 10, 19, 12, 21, 7, 16, 25, 29, 9, 18, 2, 11, 4, 27, 6, 26, 28, 13, 22, 15, 20]
	25: [26, 20, 4, 13, 22, 6, 15, 24, 8, 17, 1, 21, 5, 14, 27, 16, 29, 9]
	26: [21, 5, 7, 25, 27, 9, 18, 2, 11, 13, 6, 29, 12, 22, 24, 8, 17, 10, 19, 3, 23]
	27: [4, 13, 26, 8, 29, 1, 22, 15, 17, 19, 28, 3, 12, 21, 24, 5, 14, 7, 16, 25, 9, 18, 2, 11]
	28: [3, 21, 14, 23, 7, 16, 9, 18, 27, 20, 13, 6, 24, 8, 1, 10]
	29: [4, 27, 6, 15, 24, 8, 17, 26, 10, 3, 12, 21, 20, 7, 25, 9, 18, 2, 11]

Independent Set: [2, 5, 22, 28]

Maximum Independent Set Size: 4
