Graph: 
	1: [14, 5, 29, 13, 19, 2, 15, 30]
	2: [11, 6, 19, 10, 23, 27, 1, 3, 4, 17, 28]
	3: [17, 27, 25, 16, 7, 2, 8]
	4: [23, 14, 25, 11, 15, 19, 2, 5, 10, 12]
	5: [1, 9, 24, 30, 12, 4, 7, 21]
	6: [8, 2, 12, 29, 18, 22, 26, 13]
	7: [25, 29, 3, 28, 30, 5, 11]
	8: [20, 6, 19, 14, 16, 3, 9, 18]
	9: [28, 17, 5, 19, 12, 14, 18, 8]
	10: [2, 11, 4]
	11: [2, 15, 4, 30, 19, 10, 7, 20]
	12: [9, 6, 23, 16, 5, 4]
	13: [21, 23, 25, 18, 1, 30, 6]
	14: [29, 4, 1, 9, 30, 8, 25]
	15: [17, 30, 11, 4, 18, 1]
	16: [3, 24, 12, 30, 8]
	17: [3, 9, 15, 24, 30, 2, 26]
	18: [13, 9, 6, 15, 8]
	19: [9, 2, 11, 8, 4, 1, 28, 24, 29]
	20: [8, 24, 27, 11]
	21: [13, 24, 5]
	22: [24, 6, 28, 23]
	23: [4, 13, 12, 2, 22]
	24: [5, 28, 17, 20, 16, 22, 21, 19]
	25: [7, 4, 13, 3, 28, 14]
	26: [27, 6, 17]
	27: [3, 2, 20, 26]
	28: [9, 24, 7, 19, 22, 25, 2]
	29: [14, 7, 1, 6, 19]
	30: [15, 11, 14, 5, 17, 7, 13, 16, 1]

Independent Set: {2, 5, 13, 14, 15, 16, 20, 22, 26}

Maximum Independent Set Size: 9
