Graph: 
	1: [12, 3, 7, 9, 11, 2, 13, 6, 8, 10]
	2: [9, 11, 13, 4, 10, 1, 12, 3, 5, 8]
	3: [4, 1, 8, 10, 12, 5, 7, 2, 9, 11, 6]
	4: [12, 3, 5, 7, 2, 9, 11, 13, 8, 10]
	5: [4, 11, 13, 6, 3, 8, 12, 2, 7]
	6: [10, 5, 12, 1, 7, 11, 13, 3]
	7: [12, 4, 1, 9, 11, 3, 6, 8, 10, 5]
	8: [3, 9, 11, 13, 5, 12, 4, 1, 7, 2]
	9: [2, 8, 10, 12, 1, 7, 4, 3, 13]
	10: [12, 6, 3, 9, 2, 11, 13, 4, 1, 7]
	11: [2, 5, 8, 13, 1, 7, 4, 10, 12, 3, 6]
	12: [4, 1, 7, 10, 3, 9, 6, 2, 5, 11, 8, 13]
	13: [2, 5, 11, 8, 4, 1, 10, 9, 6, 12]

Independent Set: {9, 5}

Maximum Independent Set Size: 2
