Graph: 
	1: [9, 24, 3, 6, 10, 2, 19, 22, 4, 5, 13, 14, 16]
	2: [6, 4, 19, 15, 17, 18, 22, 24, 1, 3, 20, 10, 12, 8]
	3: [7, 22, 13, 1, 10, 23, 2, 6, 19, 8, 11, 15]
	4: [12, 2, 21, 15, 22, 14, 16, 20, 1, 10, 17]
	5: [11, 15, 22, 9, 14, 10, 23, 6, 8, 19, 1]
	6: [10, 2, 16, 12, 23, 1, 15, 21, 22, 3, 5, 20, 7, 13]
	7: [15, 3, 17, 18, 22, 9, 24, 16, 6, 8, 21, 19]
	8: [13, 24, 14, 21, 3, 11, 15, 5, 7, 2]
	9: [19, 21, 1, 11, 15, 5, 7, 22, 13, 16, 20, 23]
	10: [6, 22, 24, 14, 1, 23, 3, 5, 21, 2, 17, 4, 18]
	11: [5, 19, 9, 15, 17, 18, 14, 20, 8, 3]
	12: [4, 17, 18, 6, 14, 20, 23, 21, 2]
	13: [8, 3, 15, 9, 21, 20, 24, 6, 1, 22]
	14: [17, 8, 18, 22, 10, 12, 5, 16, 11, 4, 21, 1]
	15: [5, 7, 20, 9, 2, 11, 4, 13, 6, 19, 17, 8, 3, 24]
	16: [6, 17, 22, 14, 7, 20, 9, 23, 4, 1, 24]
	17: [12, 14, 7, 16, 20, 2, 11, 23, 19, 21, 15, 10, 4]
	18: [12, 14, 7, 21, 22, 2, 24, 11, 23, 10]
	19: [9, 2, 11, 15, 17, 1, 3, 5, 7]
	20: [15, 17, 12, 22, 16, 9, 2, 11, 4, 13, 6]
	21: [9, 22, 4, 24, 18, 13, 6, 8, 17, 10, 12, 14, 7]
	22: [10, 3, 21, 5, 14, 7, 16, 9, 18, 2, 20, 4, 6, 1, 13]
	23: [6, 17, 10, 3, 12, 5, 16, 9, 18]
	24: [8, 1, 10, 21, 7, 18, 2, 13, 15, 16]

Independent Set: {4, 6, 8, 9, 18}

Maximum Independent Set Size: 5
