Graph: 
	1: [3, 14, 5, 4, 17, 10, 2, 8, 11, 15]
	2: [11, 10, 5, 18, 1, 3, 7]
	3: [4, 1, 19, 5, 16, 7, 11, 2, 9]
	4: [3, 16, 18, 11, 6, 1, 19, 5, 12]
	5: [1, 3, 2, 4, 17]
	6: [8, 14, 12, 4, 11, 19]
	7: [16, 18, 15, 3, 8, 10, 2]
	8: [6, 7, 1, 10]
	9: [19, 10, 3, 13]
	10: [12, 9, 16, 18, 2, 11, 13, 15, 1, 7, 8]
	11: [2, 4, 10, 12, 3, 6, 18, 16, 1]
	12: [10, 6, 16, 11, 4, 14]
	13: [14, 18, 10, 17, 9]
	14: [1, 13, 6, 19, 12]
	15: [19, 7, 10, 18, 1]
	16: [4, 7, 10, 3, 12, 17, 11]
	17: [18, 1, 16, 13, 5]
	18: [17, 19, 4, 7, 10, 13, 15, 2, 11]
	19: [3, 9, 18, 15, 14, 4, 6]

Independent Set: [2, 4, 8, 9, 14, 15, 17]

Maximum Independent Set Size: 7
