Graph: 
	1: [41, 3, 33, 25, 26, 36, 28, 9, 48, 20, 12, 23, 42, 32, 43, 15, 34, 45, 7, 18, 37, 27, 10, 40, 21, 5, 13, 24, 16, 6, 47, 19, 30, 38, 49, 11, 39, 2, 4]
	2: [42, 15, 26, 34, 45, 7, 18, 48, 10, 29, 40, 21, 43, 5, 24, 35, 13, 16, 46, 8, 19, 30, 38, 11, 22, 41, 14, 33, 44, 25, 6, 47, 36, 17, 28, 9, 39, 20, 12, 23, 1, 3, 27]
	3: [34, 45, 7, 18, 1, 37, 48, 40, 32, 43, 5, 13, 35, 46, 8, 19, 30, 38, 49, 11, 22, 41, 14, 33, 44, 25, 6, 36, 17, 28, 9, 39, 20, 31, 12, 23, 42, 4, 15, 26, 2]
	4: [27, 46, 19, 38, 49, 11, 22, 41, 14, 33, 6, 47, 28, 17, 39, 20, 12, 23, 42, 25, 15, 26, 34, 7, 18, 48, 10, 29, 40, 21, 43, 5, 13, 35, 3, 16, 1, 8]
	5: [22, 41, 14, 33, 44, 25, 6, 36, 3, 39, 2, 20, 31, 12, 15, 26, 7, 18, 37, 48, 21, 1, 32, 43, 13, 35, 4, 27, 46, 8, 19, 30, 49, 16, 29]
	6: [33, 25, 15, 26, 17, 28, 5, 10, 4, 40, 29, 12, 23, 42, 32, 24, 35, 7, 18, 27, 46, 30, 19, 21, 3, 14, 44, 13, 2, 16, 36, 47, 1, 8, 38, 49, 39, 31, 20]
	7: [26, 3, 45, 34, 18, 37, 2, 48, 10, 40, 21, 43, 24, 27, 46, 6, 8, 19, 30, 38, 1, 11, 5, 22, 41, 14, 4, 44, 33, 25, 49, 36, 47, 28, 17, 9, 39, 20, 12, 23, 42, 13]
	8: [27, 10, 22, 13, 24, 35, 16, 19, 3, 39, 7, 2, 44, 33, 25, 36, 47, 17, 9, 48, 20, 31, 12, 23, 6, 42, 43, 15, 5, 34, 4]
	9: [19, 30, 49, 11, 22, 41, 44, 33, 25, 36, 47, 1, 28, 17, 39, 20, 12, 42, 26, 45, 37, 48, 10, 29, 40, 8, 21, 3, 32, 43, 7, 13, 24, 2, 16, 46, 23]
	10: [22, 41, 14, 8, 33, 44, 25, 7, 36, 47, 2, 17, 28, 6, 20, 31, 12, 23, 42, 15, 26, 34, 18, 37, 48, 1, 29, 21, 9, 4, 32, 43, 13, 24, 35, 16, 19, 38, 49, 11]
	11: [42, 9, 25, 15, 26, 4, 34, 45, 18, 37, 48, 40, 32, 13, 35, 24, 27, 3, 46, 19, 30, 7, 38, 49, 2, 22, 41, 33, 44, 16, 36, 17, 28, 20, 31, 1, 10, 12]
	12: [34, 45, 18, 37, 48, 29, 40, 21, 32, 43, 35, 13, 6, 16, 1, 10, 27, 5, 46, 19, 9, 38, 49, 4, 22, 41, 44, 33, 47, 36, 17, 28, 31, 20, 8, 3, 23, 42, 7, 2, 11, 15]
	13: [27, 46, 30, 29, 21, 41, 8, 16, 3, 12, 36, 47, 19, 2, 11, 38, 49, 39, 20, 31, 14, 33, 44, 25, 15, 26, 28, 48, 6, 40, 1, 10, 5, 32, 43, 9, 4, 35, 18, 37, 7]
	14: [22, 10, 41, 5, 33, 44, 25, 4, 47, 17, 28, 39, 31, 20, 23, 42, 13, 15, 26, 34, 45, 18, 49, 3, 37, 7, 48, 2, 29, 40, 6, 21, 32, 43, 24, 35, 27, 46, 19, 30]
	15: [33, 2, 11, 25, 6, 47, 28, 20, 31, 23, 42, 26, 34, 1, 10, 18, 37, 5, 14, 48, 4, 13, 29, 40, 32, 43, 24, 27, 46, 30, 49, 38, 39, 8, 22, 3, 12]
	16: [26, 45, 18, 37, 48, 29, 40, 21, 13, 32, 43, 8, 35, 24, 12, 2, 46, 30, 38, 49, 22, 25, 11, 36, 47, 6, 28, 17, 1, 10, 39, 31, 20, 9, 23, 4, 42, 5]
	17: [18, 37, 48, 40, 21, 6, 32, 43, 10, 24, 35, 14, 9, 4, 27, 30, 38, 49, 22, 41, 33, 44, 25, 36, 47, 8, 28, 3, 12, 39, 7, 16, 20, 31, 2, 11, 42, 45]
	18: [17, 30, 3, 38, 49, 12, 46, 7, 16, 21, 22, 2, 11, 41, 33, 44, 47, 28, 39, 31, 23, 6, 15, 1, 10, 5, 26, 14, 34, 45, 4, 48, 29, 42, 43, 32, 35, 37, 13, 27]
	19: [9, 22, 4, 33, 44, 25, 47, 36, 39, 31, 13, 23, 8, 42, 3, 12, 26, 7, 34, 45, 2, 11, 37, 6, 48, 29, 40, 21, 32, 43, 35, 24, 27, 1, 10, 30, 49, 38, 5, 14]
	20: [33, 44, 25, 26, 15, 23, 42, 1, 10, 32, 43, 5, 14, 9, 34, 45, 4, 13, 37, 27, 46, 29, 40, 21, 41, 35, 36, 47, 8, 17, 3, 12, 38, 7, 39, 16, 2, 11, 31, 6]
	21: [26, 34, 37, 18, 48, 13, 29, 40, 17, 12, 7, 16, 43, 32, 2, 24, 35, 27, 46, 49, 22, 41, 20, 33, 44, 6, 25, 1, 10, 19, 47, 5, 14, 28, 9, 4, 39, 31, 23, 42]
	22: [10, 19, 48, 5, 14, 29, 9, 18, 4, 43, 8, 24, 35, 27, 46, 30, 38, 49, 39, 41, 17, 33, 44, 3, 12, 21, 25, 7, 16, 2, 11, 47, 36, 28, 31, 23, 26, 34, 45, 15]
	23: [38, 41, 36, 47, 28, 20, 39, 6, 15, 1, 10, 31, 19, 14, 42, 18, 4, 25, 26, 34, 45, 48, 29, 40, 43, 32, 22, 35, 24, 8, 3, 12, 21, 27, 7, 16, 46, 30, 2, 9]
	24: [41, 44, 33, 25, 47, 28, 22, 39, 8, 17, 31, 21, 7, 16, 2, 11, 6, 26, 45, 37, 48, 29, 40, 15, 35, 1, 10, 19, 14, 23, 27, 9, 46, 38, 49]
	25: [11, 20, 34, 45, 6, 15, 24, 1, 10, 19, 48, 5, 14, 40, 29, 9, 32, 43, 35, 27, 46, 23, 4, 13, 22, 41, 8, 17, 3, 44, 21, 7, 16, 2, 36, 47, 38, 39, 31]
	26: [21, 37, 7, 16, 2, 11, 20, 48, 6, 29, 1, 32, 43, 35, 27, 46, 30, 15, 24, 38, 49, 10, 19, 5, 14, 23, 9, 18, 44, 4, 13, 36, 47, 28, 39, 42, 22, 45, 3]
	27: [4, 13, 8, 29, 40, 35, 47, 46, 22, 38, 49, 17, 26, 39, 12, 21, 7, 25, 41, 11, 20, 44, 6, 1, 36, 28, 48, 31, 42, 32, 43, 15, 24, 19, 34, 45, 5, 14, 23, 37, 18, 2]
	28: [41, 33, 44, 6, 15, 36, 47, 24, 1, 10, 14, 23, 39, 9, 18, 31, 4, 42, 45, 48, 27, 13, 22, 17, 26, 32, 43, 3, 12, 21, 35, 7, 16, 2, 11, 46, 30, 49, 38]
	29: [33, 44, 27, 13, 22, 36, 26, 12, 21, 16, 25, 39, 2, 31, 6, 42, 45, 34, 37, 20, 40, 15, 24, 10, 19, 32, 14, 23, 35, 9, 18, 4, 46, 30, 38, 41, 5]
	30: [9, 18, 34, 13, 37, 48, 40, 32, 43, 35, 22, 17, 26, 46, 3, 38, 49, 7, 16, 2, 11, 6, 41, 33, 44, 36, 39, 29, 31, 15, 1, 19, 28, 42, 5, 14, 23]
	31: [48, 32, 43, 35, 29, 15, 24, 10, 19, 28, 46, 5, 14, 23, 38, 18, 13, 41, 33, 44, 36, 47, 39, 27, 22, 8, 17, 42, 3, 12, 21, 30, 16, 25, 11, 20, 45, 6, 37]
	32: [41, 31, 17, 26, 36, 47, 3, 12, 21, 30, 16, 25, 39, 11, 20, 6, 1, 33, 44, 45, 48, 29, 40, 15, 10, 19, 28, 42, 5, 14, 23, 43, 9, 18, 27, 35, 13, 34]
	33: [20, 41, 29, 6, 15, 24, 44, 1, 10, 19, 28, 5, 14, 9, 18, 4, 39, 32, 34, 37, 13, 22, 31, 48, 8, 17, 40, 3, 12, 21, 30, 7, 2, 11, 43, 35, 49, 38]
	34: [3, 12, 21, 30, 7, 25, 36, 47, 2, 11, 42, 43, 45, 20, 29, 37, 15, 33, 1, 10, 19, 14, 23, 18, 4, 35, 38, 49, 39, 32, 27, 41, 22, 8]
	35: [37, 48, 40, 27, 22, 31, 8, 17, 26, 3, 12, 21, 30, 16, 25, 2, 11, 46, 6, 49, 41, 44, 34, 36, 47, 20, 29, 24, 33, 39, 19, 10, 28, 5, 14, 23, 32, 18, 42, 4, 13, 45]
	36: [48, 40, 34, 29, 43, 1, 10, 19, 28, 5, 23, 32, 9, 46, 13, 38, 49, 41, 44, 27, 47, 22, 31, 8, 17, 26, 35, 3, 12, 30, 7, 16, 25, 2, 11, 20, 42, 6, 45]
	37: [17, 26, 35, 3, 12, 21, 30, 7, 16, 11, 39, 34, 20, 29, 15, 24, 33, 1, 10, 19, 5, 14, 48, 9, 40, 42, 43, 46, 18, 27, 38, 13, 31]
	38: [23, 44, 18, 4, 47, 42, 27, 36, 13, 22, 31, 45, 17, 26, 3, 12, 30, 7, 16, 48, 2, 11, 40, 43, 25, 46, 34, 20, 29, 49, 6, 15, 24, 33, 1, 10, 19, 28, 37, 41]
	39: [48, 29, 42, 24, 33, 19, 28, 37, 5, 14, 23, 32, 45, 9, 18, 27, 4, 13, 22, 46, 8, 40, 41, 47, 31, 17, 26, 35, 49, 3, 21, 30, 7, 16, 25, 34, 2, 20, 6, 15, 1]
	40: [27, 36, 17, 35, 3, 12, 21, 30, 43, 7, 16, 25, 2, 11, 6, 46, 49, 39, 41, 44, 20, 29, 38, 15, 24, 33, 47, 1, 19, 37, 14, 23, 32, 9, 4, 13, 42, 45]
	41: [24, 33, 1, 10, 28, 5, 14, 23, 32, 9, 18, 4, 13, 49, 27, 36, 44, 22, 31, 40, 17, 35, 47, 3, 12, 21, 30, 39, 7, 25, 2, 11, 20, 45, 34, 29, 38]
	42: [2, 11, 44, 47, 39, 34, 20, 29, 38, 6, 15, 1, 10, 19, 28, 14, 23, 45, 9, 4, 48, 43, 37, 32, 18, 27, 36, 31, 40, 46, 8, 17, 26, 35, 49, 3, 12, 21, 30, 7, 16]
	43: [36, 22, 31, 40, 17, 26, 3, 12, 21, 30, 7, 16, 25, 34, 2, 20, 45, 1, 48, 38, 15, 33, 42, 10, 19, 28, 37, 5, 14, 23, 32, 9, 18, 27, 49, 4, 13, 8, 44]
	44: [20, 29, 38, 24, 33, 42, 48, 10, 19, 28, 5, 14, 9, 18, 49, 32, 41, 27, 36, 13, 22, 31, 40, 8, 17, 26, 35, 3, 12, 21, 30, 7, 25, 47, 2, 11, 6, 43]
	45: [48, 3, 12, 7, 16, 25, 2, 11, 46, 39, 49, 34, 43, 20, 29, 38, 24, 42, 1, 19, 28, 14, 23, 32, 9, 18, 41, 27, 36, 22, 31, 40, 17, 26, 35]
	46: [4, 13, 18, 47, 27, 36, 45, 22, 31, 40, 26, 35, 3, 12, 21, 30, 39, 7, 16, 25, 2, 11, 20, 6, 48, 29, 38, 15, 24, 42, 28, 37, 5, 14, 23, 9]
	47: [34, 38, 15, 24, 42, 10, 19, 28, 46, 14, 23, 32, 9, 18, 27, 4, 13, 48, 41, 36, 22, 31, 40, 8, 17, 26, 35, 44, 12, 21, 39, 7, 16, 25, 2, 20, 6, 1]
	48: [36, 45, 22, 31, 17, 26, 35, 44, 3, 12, 21, 30, 39, 7, 16, 25, 2, 11, 1, 43, 38, 47, 15, 24, 33, 42, 10, 19, 28, 37, 46, 5, 14, 23, 32, 9, 18, 27, 4, 13, 8, 49]
	49: [9, 18, 4, 41, 27, 36, 45, 13, 22, 40, 17, 26, 35, 44, 3, 21, 12, 30, 16, 11, 14, 7, 39, 48, 34, 43, 38, 6, 15, 33, 42, 1, 10, 19, 28, 5, 24]

Independent Set: {40, 26, 34, 31}

Maximum Independent Set Size: 4
