Graph: 
	1: [18, 7, 9, 24, 27, 16, 20, 10, 25, 29, 4, 19, 8, 21, 11, 15, 2, 3]
	2: [6, 8, 30, 11, 26, 15, 28, 34, 5, 29, 7, 9, 24, 13, 3, 14, 20, 10, 23, 1, 4, 19]
	3: [28, 34, 5, 18, 24, 16, 33, 23, 29, 2, 11, 15, 26, 1, 6, 7]
	4: [12, 19, 30, 8, 25, 11, 26, 17, 28, 18, 13, 24, 1, 14, 16, 33, 10, 2, 20]
	5: [15, 26, 3, 17, 28, 32, 7, 18, 22, 24, 14, 2, 33, 23, 12, 27, 21]
	6: [2, 16, 19, 26, 32, 34, 22, 24, 17, 28, 20, 7, 31, 9, 13, 3]
	7: [1, 11, 26, 17, 5, 18, 22, 24, 13, 2, 10, 27, 25, 29, 6, 19, 3, 9, 23]
	8: [13, 2, 27, 14, 4, 20, 33, 10, 25, 19, 30, 1, 17, 34, 18, 21]
	9: [19, 30, 21, 1, 15, 17, 34, 18, 22, 13, 2, 14, 33, 10, 12, 29, 6, 7, 26, 28]
	10: [13, 24, 16, 31, 8, 1, 25, 19, 7, 21, 9, 2, 11, 26, 17, 4]
	11: [19, 30, 7, 25, 2, 15, 17, 28, 4, 21, 13, 20, 31, 1, 10, 27, 3, 29, 16, 33]
	12: [4, 28, 18, 13, 14, 31, 27, 25, 5, 30, 21, 9]
	13: [8, 16, 10, 30, 12, 29, 7, 15, 32, 9, 2, 11, 4, 34, 6]
	14: [28, 32, 8, 18, 24, 12, 5, 16, 31, 9, 2, 25, 4, 19, 30, 34]
	15: [5, 16, 9, 2, 11, 27, 13, 30, 26, 1, 22, 3, 24]
	16: [21, 13, 6, 26, 15, 34, 1, 10, 18, 22, 3, 24, 14, 31, 33, 23, 27, 4, 11]
	17: [22, 5, 7, 31, 20, 9, 11, 4, 27, 29, 30, 21, 6, 8, 34, 10, 25]
	18: [19, 30, 1, 3, 25, 12, 5, 14, 28, 7, 16, 21, 34, 9, 24, 4, 31, 23, 8, 29]
	19: [34, 9, 18, 11, 22, 24, 4, 6, 31, 33, 23, 25, 29, 8, 1, 10, 30, 21, 14, 7, 28, 2]
	20: [8, 29, 17, 1, 28, 34, 2, 11, 24, 6, 4, 22]
	21: [16, 28, 9, 34, 22, 24, 18, 11, 33, 23, 27, 25, 17, 1, 10, 19, 30, 12, 5, 8]
	22: [31, 17, 19, 33, 21, 5, 23, 27, 25, 7, 16, 9, 6, 28, 32, 34, 15, 20]
	23: [28, 32, 34, 22, 19, 3, 21, 5, 27, 16, 18, 2, 7]
	24: [1, 10, 19, 3, 21, 33, 5, 14, 7, 27, 16, 25, 18, 2, 30, 4, 6, 32, 20, 15]
	25: [18, 11, 4, 22, 24, 8, 28, 1, 10, 19, 31, 12, 21, 14, 27, 7, 17, 32]
	26: [5, 7, 16, 31, 2, 4, 6, 29, 15, 28, 10, 3, 9]
	27: [8, 1, 22, 30, 15, 24, 17, 12, 21, 34, 5, 23, 7, 16, 25, 11, 31]
	28: [3, 12, 34, 21, 5, 23, 14, 32, 18, 2, 11, 31, 4, 25, 20, 22, 6, 26, 19, 9]
	29: [20, 13, 30, 2, 17, 26, 1, 19, 3, 7, 9, 11, 18]
	30: [9, 18, 32, 2, 11, 34, 4, 13, 27, 29, 15, 24, 8, 17, 19, 12, 21, 14]
	31: [22, 33, 17, 26, 10, 19, 28, 12, 14, 16, 25, 18, 11, 34, 6, 27]
	32: [30, 5, 14, 23, 28, 13, 6, 22, 24, 25]
	33: [31, 22, 24, 8, 19, 3, 21, 5, 16, 9, 4, 34, 11]
	34: [19, 28, 3, 21, 30, 23, 16, 9, 18, 2, 6, 27, 20, 13, 22, 31, 33, 8, 17, 14]

Independent Set: {33, 13, 18, 20, 26, 27}

Maximum Independent Set Size: 6
