Graph: 
	1: [5, 7, 9, 13, 3, 14, 6, 10, 12, 4, 8, 11, 2]
	2: [6, 4, 8, 11, 15, 5, 7, 9, 14, 3, 1]
	3: [5, 7, 9, 13, 1, 14, 12, 2, 4, 8, 11, 15]
	4: [12, 2, 6, 8, 11, 15, 13, 1, 14, 3, 9, 10]
	5: [1, 15, 3, 7, 9, 13, 14, 2, 10, 6, 8, 12]
	6: [10, 2, 4, 12, 1, 15, 8, 11, 5, 14, 9, 13, 7]
	7: [1, 15, 3, 5, 13, 2, 14, 10, 12, 8, 6]
	8: [13, 2, 4, 10, 12, 6, 1, 3, 11, 15, 5, 7]
	9: [1, 3, 11, 15, 5, 13, 2, 14, 10, 12, 4, 6]
	10: [6, 13, 8, 1, 12, 5, 7, 9, 11, 15, 4]
	11: [9, 2, 15, 4, 13, 14, 6, 8, 1, 10, 12, 3]
	12: [4, 13, 6, 14, 8, 1, 10, 3, 7, 9, 11, 15, 5]
	13: [14, 8, 1, 10, 3, 12, 5, 7, 15, 9, 11, 4, 6]
	14: [13, 15, 1, 3, 12, 5, 7, 9, 2, 11, 4, 6]
	15: [5, 14, 7, 9, 2, 11, 4, 13, 6, 8, 10, 3, 12]

Independent Set: {4, 7}

Maximum Independent Set Size: 2
