Graph: 
	1: [9, 13, 14, 3, 16, 20, 10, 12, 2, 4, 8, 19, 15, 5, 6]
	2: [4, 8, 15, 18, 7, 9, 13, 1, 3, 14, 10, 12]
	3: [18, 1, 10, 12, 2, 6, 8, 4, 16]
	4: [2, 6, 17, 5, 13, 1, 16, 10, 3, 9, 12, 18, 20]
	5: [7, 9, 20, 4, 12, 8, 19, 1, 13]
	6: [4, 19, 8, 3, 17, 14, 20, 18, 7, 1, 15]
	7: [11, 15, 17, 5, 13, 2, 14, 16, 20, 12, 6, 19]
	8: [2, 14, 10, 6, 1, 3, 11, 15, 17, 5]
	9: [1, 5, 2, 20, 4]
	10: [18, 14, 8, 1, 3, 2, 11, 15, 4]
	11: [19, 7, 18, 13, 14, 20, 8, 10, 16]
	12: [18, 13, 16, 1, 3, 5, 7, 2, 15, 4]
	13: [16, 1, 12, 7, 15, 2, 11, 4, 20, 5]
	14: [17, 8, 1, 10, 16, 7, 2, 11, 6]
	15: [7, 20, 2, 13, 19, 17, 8, 1, 10, 12, 6]
	16: [13, 1, 18, 12, 14, 7, 4, 19, 11, 3]
	17: [14, 7, 4, 19, 6, 15, 8]
	18: [19, 10, 3, 12, 16, 2, 11, 20, 6, 4]
	19: [18, 11, 6, 15, 17, 1, 5, 7, 16]
	20: [15, 1, 5, 7, 9, 18, 11, 13, 6, 4]

Independent Set: [3, 9, 13, 14, 19]

Maximum Independent Set Size: 5
