Graph: 
	1: [41, 14, 3, 33, 44, 25, 26, 36, 17, 28, 9, 20, 31, 12, 23, 42, 4, 32, 43, 15, 34, 45, 7, 18, 37, 27, 10, 29, 40, 2, 21, 22, 5, 13, 24, 35, 16, 6, 8, 30, 11]
	2: [42, 4, 15, 26, 45, 34, 18, 37, 10, 29, 40, 13, 35, 16, 27, 8, 19, 30, 38, 11, 22, 41, 1, 3, 44, 33, 25, 6, 36, 17, 28, 9, 39, 31, 23, 12]
	3: [34, 45, 1, 37, 29, 40, 21, 32, 5, 35, 16, 27, 38, 11, 22, 41, 14, 33, 44, 25, 2, 6, 36, 28, 9, 39, 20, 31, 23, 15]
	4: [27, 2, 19, 8, 30, 38, 11, 41, 14, 33, 44, 6, 36, 17, 39, 1, 31, 25, 15, 26, 45, 7, 18, 37, 9, 40, 32, 43, 5, 13, 35, 16, 29]
	5: [11, 22, 41, 44, 25, 3, 28, 9, 39, 20, 31, 12, 23, 42, 34, 45, 7, 18, 37, 10, 29, 40, 21, 1, 32, 43, 13, 24, 4, 27, 30, 38, 8, 26]
	6: [33, 25, 26, 34, 9, 10, 4, 29, 40, 23, 42, 43, 35, 7, 37, 27, 19, 30, 21, 22, 3, 41, 14, 13, 2, 16, 36, 1, 8, 39, 31]
	7: [26, 15, 45, 18, 10, 29, 40, 21, 32, 43, 13, 16, 27, 6, 8, 19, 30, 38, 1, 5, 41, 4, 44, 33, 25, 28, 9, 39, 20, 31, 23, 42, 14]
	8: [37, 27, 4, 10, 40, 21, 22, 32, 24, 13, 35, 30, 38, 39, 7, 2, 14, 33, 44, 36, 17, 28, 9, 20, 31, 12, 6, 42, 43, 1, 26, 15, 34, 45, 18, 5]
	9: [30, 38, 11, 14, 33, 44, 25, 6, 36, 1, 17, 28, 5, 39, 20, 31, 12, 23, 42, 15, 26, 45, 18, 37, 10, 4, 29, 40, 8, 3, 32, 43, 7, 24, 35, 13, 2, 16]
	10: [22, 14, 8, 33, 44, 25, 7, 36, 2, 28, 6, 39, 31, 20, 12, 23, 42, 15, 34, 45, 37, 1, 5, 9, 32, 43, 24, 35, 16, 27, 30, 38, 11]
	11: [42, 5, 9, 4, 34, 45, 18, 40, 32, 43, 13, 24, 35, 27, 3, 19, 30, 38, 2, 21, 22, 41, 36, 28, 39, 20, 31, 1, 10, 12, 15]
	12: [34, 18, 37, 40, 29, 21, 43, 13, 24, 16, 1, 10, 27, 5, 30, 19, 9, 38, 22, 41, 14, 33, 44, 26, 25, 36, 17, 39, 20, 8, 23, 42, 2, 11, 15]
	13: [30, 21, 22, 8, 16, 12, 36, 7, 19, 2, 11, 38, 39, 20, 31, 33, 44, 25, 26, 17, 6, 40, 1, 5, 42, 32, 9, 4, 35, 34, 18, 37]
	14: [1, 22, 10, 41, 44, 33, 9, 25, 4, 36, 28, 20, 31, 15, 45, 8, 18, 3, 12, 40, 6, 21, 43, 24, 16, 27, 19, 7, 39]
	15: [41, 7, 33, 44, 2, 25, 36, 28, 17, 31, 20, 23, 42, 45, 34, 1, 10, 18, 37, 14, 9, 4, 40, 21, 32, 43, 24, 35, 16, 27, 30, 8, 3, 12, 11]
	16: [34, 45, 18, 37, 21, 13, 32, 43, 3, 12, 7, 2, 27, 19, 30, 38, 22, 41, 44, 36, 6, 15, 17, 28, 1, 10, 39, 14, 31, 9, 23, 4, 42]
	17: [18, 37, 40, 29, 21, 15, 32, 43, 1, 9, 4, 27, 19, 30, 22, 33, 44, 25, 13, 8, 28, 12, 16, 20, 2, 42, 45]
	18: [17, 38, 12, 7, 16, 21, 2, 11, 33, 44, 28, 39, 20, 31, 23, 15, 1, 25, 5, 14, 45, 34, 9, 4, 42, 32, 43, 24, 35, 37, 13, 8]
	19: [22, 4, 41, 33, 44, 25, 36, 28, 20, 31, 13, 23, 17, 42, 12, 26, 7, 16, 34, 2, 11, 6, 21, 43, 32, 24, 35, 27, 30, 38, 14]
	20: [33, 44, 25, 26, 28, 15, 42, 1, 10, 19, 32, 43, 5, 14, 9, 18, 34, 13, 37, 27, 29, 41, 24, 35, 36, 8, 17, 30, 3, 12, 38, 7, 39, 11, 31]
	21: [26, 34, 37, 18, 13, 8, 17, 3, 12, 7, 16, 32, 43, 24, 35, 27, 22, 11, 33, 44, 6, 15, 1, 19, 5, 14, 28, 39, 31, 42]
	22: [10, 19, 5, 14, 29, 13, 32, 8, 27, 30, 38, 39, 41, 17, 33, 3, 12, 21, 25, 16, 2, 11, 6, 28, 1, 31, 42, 34, 37]
	23: [38, 33, 44, 36, 39, 6, 15, 1, 10, 19, 5, 42, 9, 18, 25, 26, 34, 45, 40, 29, 43, 32, 24, 35, 3, 12, 27, 7, 16, 2, 41]
	24: [33, 44, 25, 36, 28, 39, 8, 31, 12, 21, 42, 11, 26, 34, 45, 29, 40, 32, 43, 20, 15, 1, 10, 19, 5, 14, 23, 9, 18, 38]
	25: [26, 20, 34, 45, 6, 15, 24, 28, 1, 10, 19, 5, 14, 29, 40, 9, 42, 43, 32, 35, 27, 30, 23, 18, 4, 13, 22, 41, 17, 3, 12, 7, 2, 36, 39, 33]
	26: [21, 37, 7, 25, 2, 20, 6, 29, 40, 1, 32, 43, 35, 27, 30, 24, 19, 23, 9, 44, 4, 13, 12, 36, 39, 31, 8, 34, 45, 5]
	27: [4, 8, 40, 29, 35, 22, 30, 17, 26, 39, 3, 12, 21, 7, 16, 25, 41, 2, 11, 20, 33, 6, 1, 36, 28, 31, 43, 15, 10, 19, 34, 45, 5, 14, 23, 37]
	28: [41, 33, 25, 20, 15, 24, 1, 10, 19, 5, 14, 9, 18, 42, 34, 27, 29, 22, 8, 17, 3, 21, 35, 7, 16, 2, 11, 30]
	29: [44, 27, 22, 36, 17, 26, 3, 12, 7, 25, 39, 2, 31, 6, 42, 34, 45, 37, 20, 24, 1, 28, 32, 43, 5, 23, 35, 9, 30, 38, 41, 4]
	30: [9, 34, 4, 13, 37, 43, 35, 27, 22, 8, 17, 26, 12, 7, 16, 25, 2, 11, 6, 41, 44, 39, 20, 29, 31, 15, 1, 10, 19, 28, 5]
	31: [40, 32, 43, 35, 29, 15, 24, 1, 10, 19, 5, 14, 38, 9, 18, 4, 13, 41, 44, 39, 27, 22, 8, 26, 42, 3, 21, 30, 7, 16, 2, 11, 20, 45, 6, 37]
	32: [41, 22, 31, 8, 17, 26, 36, 3, 21, 7, 16, 25, 38, 39, 11, 20, 1, 33, 44, 29, 40, 15, 24, 10, 19, 5, 23, 43, 9, 18, 35, 4, 13, 34, 37]
	33: [20, 6, 15, 24, 44, 1, 10, 19, 28, 14, 23, 36, 9, 18, 4, 39, 42, 32, 34, 45, 27, 37, 13, 22, 8, 17, 40, 3, 12, 21, 7, 2, 43, 35, 25]
	34: [3, 12, 21, 30, 16, 25, 36, 2, 11, 6, 42, 43, 20, 29, 15, 24, 33, 1, 10, 19, 28, 40, 5, 23, 18, 39, 32, 27, 41, 13, 22, 8, 26]
	35: [37, 40, 27, 31, 8, 26, 3, 21, 30, 25, 2, 11, 6, 38, 44, 36, 20, 29, 15, 33, 39, 1, 10, 19, 28, 23, 32, 9, 18, 42, 4, 13]
	36: [34, 29, 43, 15, 24, 33, 1, 10, 19, 14, 23, 32, 9, 4, 13, 38, 41, 44, 27, 8, 26, 35, 3, 12, 16, 25, 2, 11, 20, 42, 6]
	37: [8, 17, 26, 35, 41, 3, 12, 21, 30, 44, 16, 2, 39, 20, 29, 6, 15, 45, 33, 1, 10, 5, 9, 40, 4, 42, 43, 32, 18, 27, 38, 13, 22, 31]
	38: [23, 44, 9, 18, 4, 39, 32, 42, 36, 13, 22, 31, 45, 8, 35, 3, 12, 7, 16, 2, 11, 40, 43, 20, 29, 24, 10, 19, 37, 41, 5]
	39: [29, 38, 42, 24, 33, 43, 10, 37, 5, 23, 32, 45, 9, 18, 27, 4, 13, 22, 8, 40, 31, 26, 35, 3, 12, 21, 30, 7, 16, 25, 34, 2, 11, 20, 6, 44, 14]
	40: [27, 31, 8, 17, 26, 35, 3, 12, 43, 7, 25, 2, 11, 6, 39, 41, 34, 44, 38, 15, 24, 33, 1, 37, 5, 14, 23, 32, 9, 4, 13, 42, 45]
	41: [15, 1, 19, 28, 37, 5, 14, 32, 43, 4, 27, 36, 44, 22, 31, 40, 3, 12, 30, 7, 16, 25, 2, 11, 20, 6, 42, 45, 34, 29, 38, 23]
	42: [2, 11, 44, 39, 25, 34, 20, 29, 38, 6, 15, 24, 33, 1, 10, 19, 28, 5, 23, 45, 9, 43, 37, 41, 18, 36, 13, 22, 31, 40, 8, 17, 35, 12, 21, 7, 16]
	43: [41, 36, 31, 40, 17, 26, 12, 21, 30, 39, 7, 16, 25, 34, 11, 20, 6, 45, 1, 29, 38, 15, 24, 33, 42, 10, 19, 37, 5, 14, 23, 32, 9, 18, 27, 4, 8, 44]
	44: [20, 29, 38, 15, 24, 33, 42, 1, 10, 19, 37, 5, 14, 23, 9, 18, 4, 32, 41, 36, 13, 31, 40, 8, 17, 26, 35, 3, 12, 21, 30, 7, 16, 2, 39, 43]
	45: [3, 7, 25, 16, 2, 11, 39, 43, 29, 38, 15, 24, 33, 42, 1, 10, 37, 5, 14, 23, 9, 18, 4, 41, 27, 31, 40, 8, 17, 26]

Independent Set: {8, 19, 3}

Maximum Independent Set Size: 3
