Graph: 
	1: [3, 5, 7, 9, 11, 2, 6, 17, 10, 8, 12]
	2: [11, 15, 4, 8, 1, 5, 3, 6]
	3: [1, 14, 9, 13, 2]
	4: [2, 13, 8, 10, 9]
	5: [1, 9, 11, 13, 2]
	6: [12, 1, 9, 15, 13, 2, 7, 11]
	7: [1, 11, 6]
	8: [11, 13, 2, 10, 12, 4, 16, 1, 17]
	9: [5, 10, 1, 16, 3, 6, 11, 4]
	10: [9, 16, 8, 13, 15, 17, 4, 1]
	11: [2, 5, 8, 15, 17, 1, 7, 9, 6]
	12: [17, 6, 8, 1, 13]
	13: [5, 8, 16, 4, 10, 15, 3, 6, 12]
	14: [3, 17, 16]
	15: [17, 2, 11, 13, 10, 6]
	16: [10, 13, 9, 8, 14]
	17: [12, 15, 11, 14, 1, 10, 8]

Independent Set: [3, 4, 5, 7, 12, 15, 16]

Maximum Independent Set Size: 7
