Graph: 
	1: [13, 4, 2, 3, 5]
	2: [12, 7, 18, 1, 4]
	3: [4, 1, 7]
	4: [3, 9, 1, 2, 10]
	5: [8, 1, 6, 14, 16]
	6: [10, 18, 15, 5]
	7: [18, 17, 2, 3, 11, 12]
	8: [17, 5, 12, 9]
	9: [17, 15, 4, 8]
	10: [6, 18, 13, 15, 4]
	11: [13, 19, 12, 7]
	12: [17, 19, 18, 2, 11, 8, 7]
	13: [11, 16, 18, 1, 10]
	14: [19, 5, 20]
	15: [9, 10, 6]
	16: [13, 18, 20, 5, 19]
	17: [18, 9, 12, 8, 7]
	18: [17, 7, 10, 16, 13, 6, 12, 2]
	19: [12, 11, 14, 16]
	20: [16, 14]

Independent Set: [2, 3, 5, 13, 15, 17, 19, 20]

Maximum Independent Set Size: 8
