Graph: 
	1: [9, 27, 3, 20, 33, 12, 25, 4, 30, 22, 2, 13]
	2: [6, 4, 19, 30, 21, 36, 11, 15, 28, 22, 24, 13, 40, 23, 12, 27, 25, 1, 14]
	3: [34, 7, 22, 9, 13, 1, 16, 31, 23, 29, 6, 4, 30, 15]
	4: [12, 2, 6, 30, 36, 28, 22, 35, 37, 1, 3, 20, 33, 10, 5]
	5: [11, 15, 17, 28, 32, 34, 22, 20, 25, 40, 30, 8, 21, 38, 4, 7, 12]
	6: [10, 2, 27, 4, 29, 33, 30, 15, 32, 8, 21, 38, 22, 35, 3, 7, 18, 9, 19]
	7: [38, 3, 17, 28, 18, 9, 13, 37, 20, 31, 10, 40, 6, 30, 5, 21]
	8: [9, 13, 27, 16, 31, 12, 25, 29, 6, 30, 5, 34, 18, 38]
	9: [19, 8, 36, 1, 38, 3, 11, 15, 32, 7, 35, 23, 27, 25, 40, 6]
	10: [6, 35, 16, 31, 20, 27, 40, 30, 7, 17, 4, 32]
	11: [5, 19, 36, 9, 25, 38, 2, 15, 17, 28, 32, 33, 23, 12, 40]
	12: [4, 17, 34, 18, 22, 13, 24, 14, 16, 8, 15, 1, 25, 19, 2, 11, 26, 5, 31]
	13: [8, 30, 3, 12, 25, 29, 7, 26, 19, 2, 22, 28, 20, 37, 1]
	14: [26, 38, 24, 12, 34, 20, 31, 23, 27, 29, 40, 19, 21, 2, 17]
	15: [5, 31, 33, 9, 2, 11, 23, 27, 25, 12, 6, 19, 39, 17, 28, 32, 18, 3]
	16: [36, 8, 34, 10, 3, 24, 12, 35, 37, 31, 23, 29, 28, 30]
	17: [22, 12, 39, 5, 7, 33, 11, 23, 27, 25, 29, 38, 15, 26, 28, 32, 10, 14, 20]
	18: [19, 38, 12, 7, 22, 35, 24, 20, 31, 37, 27, 6, 15, 8]
	19: [9, 18, 2, 11, 35, 13, 15, 27, 29, 40, 36, 12, 38, 14, 6, 22]
	20: [33, 23, 26, 1, 10, 30, 5, 14, 7, 28, 18, 31, 4, 13, 37, 27, 17]
	21: [26, 28, 32, 2, 39, 6, 5, 14, 7]
	22: [17, 3, 12, 5, 23, 27, 25, 40, 29, 18, 2, 4, 13, 6, 39, 26, 34, 1, 35, 19]
	23: [28, 34, 20, 22, 24, 15, 37, 17, 3, 14, 27, 16, 9, 2, 11, 26]
	24: [39, 37, 12, 33, 14, 23, 16, 18, 2, 38, 32, 35]
	25: [11, 34, 13, 22, 15, 35, 8, 28, 17, 1, 12, 5, 27, 29, 9, 2, 30]
	26: [21, 14, 37, 31, 20, 13, 22, 38, 17, 32, 12, 23, 27, 33]
	27: [6, 8, 29, 1, 22, 15, 38, 17, 10, 19, 28, 14, 23, 25, 9, 18, 2, 20, 31, 26, 34]
	28: [21, 34, 5, 23, 35, 7, 37, 2, 11, 33, 4, 25, 27, 40, 29, 20, 13, 30, 15, 17, 16, 36]
	29: [31, 6, 27, 13, 22, 8, 17, 19, 28, 3, 14, 16, 35, 25, 39]
	30: [2, 4, 13, 35, 6, 37, 20, 8, 1, 10, 28, 3, 5, 36, 7, 25, 16]
	31: [29, 33, 15, 8, 26, 10, 3, 14, 7, 16, 18, 20, 34, 27, 12]
	32: [21, 5, 38, 9, 11, 6, 37, 15, 24, 17, 26, 10]
	33: [35, 20, 31, 6, 15, 24, 17, 1, 28, 40, 11, 4, 26]
	34: [28, 3, 12, 5, 23, 16, 25, 14, 22, 31, 8, 27]
	35: [33, 39, 10, 19, 28, 30, 16, 25, 9, 18, 40, 4, 6, 29, 22, 24]
	36: [16, 9, 2, 11, 4, 19, 30, 28]
	37: [24, 26, 28, 30, 23, 7, 16, 32, 4, 18, 38, 20, 13]
	38: [7, 9, 18, 14, 11, 32, 27, 6, 24, 17, 26, 19, 37, 39, 5, 8]
	39: [24, 17, 35, 21, 22, 15, 38, 29]
	40: [22, 33, 35, 2, 10, 19, 28, 5, 14, 7, 9, 11]

Independent Set: [1, 7, 15, 24, 26, 29, 34, 36]

Maximum Independent Set Size: 8
