graph= { 
	1: [41, 3, 33, 17, 28, 9, 20, 31, 50, 12, 4, 32, 43, 15, 45, 34, 18, 7, 37, 27, 10, 29, 40, 2, 5, 13, 35, 24, 47, 46, 8, 30, 19, 38, 11, 39]
	2: [4, 34, 45, 37, 48, 10, 29, 21, 32, 43, 24, 35, 27, 46, 8, 30, 49, 11, 22, 41, 1, 14, 3, 44, 47, 17, 9, 39, 20, 50, 23, 12, 5, 6]
	3: [34, 45, 18, 1, 48, 40, 21, 32, 5, 24, 16, 27, 8, 30, 38, 49, 11, 22, 41, 14, 33, 44, 25, 2, 6, 47, 36, 28, 17, 9, 20, 12, 23, 42, 4, 15, 7]
	4: [2, 8, 19, 38, 49, 11, 22, 41, 14, 33, 44, 6, 36, 47, 17, 39, 1, 31, 50, 12, 15, 45, 48, 40, 21, 32, 5, 13, 24, 3, 16]
	5: [22, 41, 25, 36, 3, 17, 9, 39, 31, 12, 15, 26, 45, 34, 37, 21, 1, 32, 24, 16, 4, 27, 19, 38, 49, 2, 28]
	6: [50, 25, 15, 26, 45, 28, 10, 4, 40, 29, 23, 43, 7, 18, 37, 27, 46, 19, 21, 3, 41, 14, 44, 47, 36, 8, 49, 38, 11, 39, 31, 2, 9, 16]
	7: [15, 26, 37, 10, 29, 40, 21, 13, 24, 16, 46, 6, 30, 38, 1, 49, 22, 41, 14, 33, 44, 25, 36, 28, 9, 20, 12, 23, 42, 3, 50]
	8: [37, 27, 4, 10, 22, 32, 24, 13, 16, 30, 38, 3, 2, 41, 44, 36, 47, 28, 9, 48, 20, 31, 50, 12, 6, 42, 43, 1, 26, 45, 18, 15]
	9: [30, 38, 11, 41, 14, 33, 25, 1, 17, 5, 39, 20, 12, 42, 15, 34, 18, 10, 29, 8, 21, 3, 32, 7, 2, 16, 6]
	10: [22, 41, 8, 44, 33, 7, 47, 2, 28, 6, 39, 31, 12, 15, 45, 18, 1, 29, 40, 21, 9, 32, 43, 13, 35, 16, 27, 46, 30, 49, 11, 25, 48]
	11: [42, 9, 25, 15, 4, 45, 48, 29, 40, 32, 43, 13, 24, 35, 27, 3, 38, 49, 2, 22, 41, 14, 33, 44, 16, 47, 17, 28, 6, 31, 1, 10, 23]
	12: [34, 37, 48, 40, 29, 21, 43, 16, 1, 10, 27, 5, 19, 9, 38, 49, 4, 22, 41, 14, 33, 44, 26, 36, 28, 17, 39, 31, 20, 8, 3, 23, 42, 7, 2]
	13: [27, 46, 21, 22, 24, 8, 16, 36, 47, 7, 19, 11, 38, 49, 39, 31, 33, 44, 15, 48, 40, 1, 10, 23, 4, 37, 17]
	14: [41, 33, 9, 25, 4, 47, 17, 23, 42, 15, 26, 45, 49, 3, 12, 7, 48, 2, 11, 29, 40, 6, 32, 24, 16, 27, 46, 19, 30, 38, 18]
	15: [7, 44, 11, 25, 6, 28, 17, 31, 23, 34, 1, 10, 18, 37, 5, 14, 9, 4, 13, 40, 27, 46, 30, 19, 49, 22, 3, 8, 47]
	16: [26, 45, 18, 37, 48, 40, 21, 13, 43, 8, 3, 24, 35, 12, 7, 46, 38, 22, 41, 44, 25, 11, 36, 47, 28, 10, 5, 14, 20, 31, 9, 50, 23, 4, 42, 6, 34]
	17: [18, 37, 29, 40, 15, 32, 43, 1, 24, 5, 14, 9, 4, 30, 19, 49, 38, 22, 44, 25, 36, 47, 28, 3, 12, 31, 2, 11, 50, 23, 42, 34, 45, 13]
	18: [17, 19, 30, 3, 38, 16, 22, 44, 36, 39, 20, 31, 23, 6, 15, 1, 10, 26, 34, 45, 9, 48, 40, 29, 42, 32, 43, 24, 35, 37, 8, 14]
	19: [18, 4, 41, 33, 44, 47, 36, 28, 39, 20, 50, 13, 23, 17, 12, 26, 45, 34, 6, 29, 40, 21, 43, 32, 35, 15, 46, 1, 30, 38, 49, 5, 14, 24]
	20: [44, 25, 26, 48, 50, 23, 42, 1, 19, 43, 9, 18, 34, 37, 27, 29, 22, 24, 35, 36, 47, 8, 30, 3, 12, 49, 7, 16, 2, 31]
	21: [26, 45, 37, 13, 29, 40, 3, 12, 7, 16, 43, 2, 35, 24, 27, 46, 30, 49, 38, 22, 41, 33, 44, 6, 25, 10, 19, 5, 28, 9, 4, 31, 23]
	22: [10, 5, 40, 18, 4, 13, 43, 32, 8, 24, 35, 27, 30, 38, 49, 39, 17, 33, 44, 3, 12, 21, 25, 7, 16, 2, 11, 20, 36, 31, 50, 23, 42, 26, 45, 15, 37]
	23: [38, 49, 41, 44, 47, 36, 20, 6, 15, 19, 14, 42, 18, 25, 26, 45, 37, 29, 32, 13, 22, 17, 3, 12, 21, 7, 16, 46, 30, 2, 11]
	24: [41, 25, 36, 28, 13, 22, 39, 8, 17, 3, 21, 50, 7, 16, 42, 2, 11, 34, 45, 37, 48, 29, 43, 20, 1, 5, 14, 27, 18, 46, 4, 49, 19]
	25: [11, 20, 34, 45, 6, 15, 24, 28, 5, 14, 9, 42, 32, 43, 35, 37, 23, 22, 41, 17, 3, 44, 21, 7, 16, 47, 39, 31, 50, 10]
	26: [21, 37, 7, 16, 20, 48, 6, 29, 40, 43, 27, 30, 38, 49, 19, 5, 14, 23, 41, 18, 12, 36, 47, 28, 31, 50, 22, 8, 45]
	27: [13, 8, 29, 40, 35, 46, 22, 49, 38, 26, 3, 12, 21, 2, 11, 20, 6, 1, 36, 28, 48, 31, 50, 15, 24, 10, 45, 34, 5, 14, 37, 39]
	28: [41, 33, 44, 25, 6, 15, 36, 47, 24, 1, 10, 19, 39, 50, 42, 37, 48, 27, 40, 29, 8, 17, 26, 32, 3, 12, 21, 7, 16, 11, 49, 5]
	29: [33, 44, 27, 36, 47, 17, 26, 12, 21, 7, 39, 2, 11, 31, 6, 42, 45, 20, 40, 24, 1, 10, 19, 28, 14, 23, 35, 9, 18, 46, 30, 41]
	30: [9, 18, 45, 37, 48, 32, 22, 8, 17, 26, 46, 3, 21, 38, 7, 2, 44, 33, 36, 47, 20, 29, 15, 50, 1, 10, 19, 42, 14, 23]
	31: [48, 40, 35, 29, 15, 1, 10, 5, 49, 18, 4, 13, 44, 36, 47, 27, 22, 50, 8, 17, 26, 12, 21, 16, 25, 11, 20, 34, 6, 37]
	32: [41, 22, 8, 17, 36, 47, 3, 30, 25, 49, 2, 11, 1, 33, 45, 48, 40, 10, 19, 28, 5, 14, 23, 43, 9, 18, 35, 4, 34, 37]
	33: [41, 29, 1, 10, 19, 28, 14, 36, 47, 9, 4, 32, 34, 45, 13, 22, 48, 40, 3, 12, 21, 30, 7, 11, 43, 35, 46, 49, 38]
	34: [3, 12, 25, 36, 47, 2, 48, 50, 43, 45, 20, 15, 24, 33, 1, 19, 5, 9, 18, 49, 39, 32, 27, 31, 44, 17, 16]
	35: [27, 22, 31, 21, 16, 25, 2, 11, 46, 38, 49, 41, 44, 47, 20, 29, 33, 39, 1, 10, 19, 32, 50, 18, 45]
	36: [34, 29, 24, 33, 19, 28, 5, 23, 32, 18, 4, 13, 49, 38, 44, 27, 22, 31, 8, 17, 26, 39, 3, 12, 30, 7, 16, 20, 42, 6]
	37: [8, 17, 26, 41, 12, 21, 30, 44, 7, 16, 2, 47, 50, 25, 20, 6, 15, 24, 1, 28, 5, 23, 48, 40, 43, 32, 46, 18, 27, 49, 13, 22, 31, 38]
	38: [23, 44, 9, 18, 4, 47, 50, 42, 27, 36, 13, 22, 8, 17, 26, 35, 3, 12, 21, 30, 7, 16, 48, 11, 46, 6, 33, 1, 19, 41, 5, 14, 37]
	39: [48, 50, 29, 42, 24, 43, 10, 19, 28, 5, 9, 18, 4, 13, 22, 46, 41, 36, 47, 35, 49, 12, 25, 34, 2, 6, 1, 27]
	40: [27, 48, 22, 31, 17, 26, 3, 12, 21, 7, 16, 11, 6, 46, 44, 29, 15, 33, 47, 1, 10, 19, 28, 37, 14, 32, 18, 4, 13, 50, 42, 45]
	41: [24, 33, 1, 10, 19, 28, 37, 5, 14, 23, 32, 9, 4, 46, 44, 8, 26, 35, 47, 3, 12, 21, 39, 7, 16, 25, 2, 11, 6, 50, 45, 48, 29, 38]
	42: [11, 39, 25, 20, 29, 38, 24, 28, 14, 23, 45, 9, 48, 43, 18, 36, 22, 40, 46, 8, 17, 3, 12, 30, 7, 16]
	43: [22, 17, 26, 12, 21, 39, 16, 25, 34, 2, 11, 20, 6, 45, 1, 48, 24, 33, 42, 10, 19, 37, 32, 46, 18, 49, 8]
	44: [20, 29, 38, 15, 48, 10, 19, 28, 37, 23, 18, 4, 46, 41, 36, 13, 22, 31, 40, 8, 17, 35, 3, 12, 21, 30, 7, 16, 25, 47, 2, 11, 6, 50, 34]
	45: [48, 3, 21, 30, 16, 25, 2, 11, 6, 46, 49, 34, 43, 29, 24, 33, 42, 1, 10, 19, 5, 14, 23, 32, 18, 47, 4, 41, 27, 22, 40, 8, 17, 26, 35]
	46: [13, 47, 41, 49, 27, 45, 40, 35, 44, 21, 30, 39, 7, 16, 2, 6, 50, 43, 29, 38, 15, 24, 33, 42, 1, 10, 19, 37, 14, 23]
	47: [34, 29, 38, 33, 10, 19, 28, 37, 46, 14, 23, 32, 50, 4, 13, 48, 41, 45, 31, 40, 8, 17, 26, 35, 44, 3, 30, 39, 16, 25, 2, 11, 20, 6, 1, 49, 15]
	48: [45, 31, 40, 26, 44, 3, 12, 30, 39, 16, 34, 2, 11, 20, 43, 38, 47, 24, 33, 42, 28, 37, 14, 32, 18, 27, 4, 13, 8, 49, 41, 10]
	49: [23, 4, 46, 32, 27, 36, 45, 13, 22, 31, 17, 26, 35, 3, 12, 21, 7, 2, 11, 14, 39, 48, 50, 34, 43, 20, 47, 6, 15, 24, 33, 10, 19, 28, 37, 5]
	50: [6, 39, 34, 20, 38, 47, 24, 1, 19, 28, 37, 4, 46, 41, 27, 22, 31, 40, 49, 8, 17, 26, 35, 44, 30, 16, 25, 2, 7]
}
